 0.0000000000000000  0.0000000000000000
 0.0000000000000000 -1.0000000000000000
 0.0000000000000000  1.0000000000000000
 0.0000000000000000 -0.5000000000000000
 0.0000000000000000  0.5000000000000000
 0.0000000000000000 -0.7500000000000000
 0.0000000000000000 -0.2500000000000000
 0.0000000000000000  0.2500000000000000
 0.0000000000000000  0.7500000000000000
 0.0000000000000000 -0.8750000000000000
 0.0000000000000000 -0.6250000000000000
 0.0000000000000000 -0.3750000000000000
 0.0000000000000000 -0.1250000000000000
 0.0000000000000000  0.1250000000000000
 0.0000000000000000  0.3750000000000000
 0.0000000000000000  0.6250000000000000
 0.0000000000000000  0.8750000000000000
 0.0000000000000000 -0.9375000000000000
 0.0000000000000000 -0.8125000000000000
 0.0000000000000000 -0.6875000000000000
 0.0000000000000000 -0.5625000000000000
 0.0000000000000000 -0.4375000000000000
 0.0000000000000000 -0.3125000000000000
 0.0000000000000000 -0.1875000000000000
 0.0000000000000000 -0.0625000000000000
 0.0000000000000000  0.0625000000000000
 0.0000000000000000  0.1875000000000000
 0.0000000000000000  0.3125000000000000
 0.0000000000000000  0.4375000000000000
 0.0000000000000000  0.5625000000000000
 0.0000000000000000  0.6875000000000000
 0.0000000000000000  0.8125000000000000
 0.0000000000000000  0.9375000000000000
-1.0000000000000000  0.0000000000000000
-1.0000000000000000 -1.0000000000000000
-1.0000000000000000  1.0000000000000000
-1.0000000000000000 -0.5000000000000000
-1.0000000000000000  0.5000000000000000
-1.0000000000000000 -0.7500000000000000
-1.0000000000000000 -0.2500000000000000
-1.0000000000000000  0.2500000000000000
-1.0000000000000000  0.7500000000000000
-1.0000000000000000 -0.8750000000000000
-1.0000000000000000 -0.6250000000000000
-1.0000000000000000 -0.3750000000000000
-1.0000000000000000 -0.1250000000000000
-1.0000000000000000  0.1250000000000000
-1.0000000000000000  0.3750000000000000
-1.0000000000000000  0.6250000000000000
-1.0000000000000000  0.8750000000000000
 1.0000000000000000  0.0000000000000000
 1.0000000000000000 -1.0000000000000000
 1.0000000000000000  1.0000000000000000
 1.0000000000000000 -0.5000000000000000
 1.0000000000000000  0.5000000000000000
 1.0000000000000000 -0.7500000000000000
 1.0000000000000000 -0.2500000000000000
 1.0000000000000000  0.2500000000000000
 1.0000000000000000  0.7500000000000000
 1.0000000000000000 -0.8750000000000000
 1.0000000000000000 -0.6250000000000000
 1.0000000000000000 -0.3750000000000000
 1.0000000000000000 -0.1250000000000000
 1.0000000000000000  0.1250000000000000
 1.0000000000000000  0.3750000000000000
 1.0000000000000000  0.6250000000000000
 1.0000000000000000  0.8750000000000000
-0.5000000000000000  0.0000000000000000
-0.5000000000000000 -1.0000000000000000
-0.5000000000000000  1.0000000000000000
-0.5000000000000000 -0.5000000000000000
-0.5000000000000000  0.5000000000000000
-0.5000000000000000 -0.7500000000000000
-0.5000000000000000 -0.2500000000000000
-0.5000000000000000  0.2500000000000000
-0.5000000000000000  0.7500000000000000
 0.5000000000000000  0.0000000000000000
 0.5000000000000000 -1.0000000000000000
 0.5000000000000000  1.0000000000000000
 0.5000000000000000 -0.5000000000000000
 0.5000000000000000  0.5000000000000000
 0.5000000000000000 -0.7500000000000000
 0.5000000000000000 -0.2500000000000000
 0.5000000000000000  0.2500000000000000
 0.5000000000000000  0.7500000000000000
-0.7500000000000000  0.0000000000000000
-0.7500000000000000 -1.0000000000000000
-0.7500000000000000  1.0000000000000000
-0.7500000000000000 -0.5000000000000000
-0.7500000000000000  0.5000000000000000
-0.2500000000000000  0.0000000000000000
-0.2500000000000000 -1.0000000000000000
-0.2500000000000000  1.0000000000000000
-0.2500000000000000 -0.5000000000000000
-0.2500000000000000  0.5000000000000000
 0.2500000000000000  0.0000000000000000
 0.2500000000000000 -1.0000000000000000
 0.2500000000000000  1.0000000000000000
 0.2500000000000000 -0.5000000000000000
 0.2500000000000000  0.5000000000000000
 0.7500000000000000  0.0000000000000000
 0.7500000000000000 -1.0000000000000000
 0.7500000000000000  1.0000000000000000
 0.7500000000000000 -0.5000000000000000
 0.7500000000000000  0.5000000000000000
-0.8750000000000000  0.0000000000000000
-0.8750000000000000 -1.0000000000000000
-0.8750000000000000  1.0000000000000000
-0.6250000000000000  0.0000000000000000
-0.6250000000000000 -1.0000000000000000
-0.6250000000000000  1.0000000000000000
-0.3750000000000000  0.0000000000000000
-0.3750000000000000 -1.0000000000000000
-0.3750000000000000  1.0000000000000000
-0.1250000000000000  0.0000000000000000
-0.1250000000000000 -1.0000000000000000
-0.1250000000000000  1.0000000000000000
 0.1250000000000000  0.0000000000000000
 0.1250000000000000 -1.0000000000000000
 0.1250000000000000  1.0000000000000000
 0.3750000000000000  0.0000000000000000
 0.3750000000000000 -1.0000000000000000
 0.3750000000000000  1.0000000000000000
 0.6250000000000000  0.0000000000000000
 0.6250000000000000 -1.0000000000000000
 0.6250000000000000  1.0000000000000000
 0.8750000000000000  0.0000000000000000
 0.8750000000000000 -1.0000000000000000
 0.8750000000000000  1.0000000000000000
-0.9375000000000000  0.0000000000000000
-0.8125000000000000  0.0000000000000000
-0.6875000000000000  0.0000000000000000
-0.5625000000000000  0.0000000000000000
-0.4375000000000000  0.0000000000000000
-0.3125000000000000  0.0000000000000000
-0.1875000000000000  0.0000000000000000
-0.0625000000000000  0.0000000000000000
 0.0625000000000000  0.0000000000000000
 0.1875000000000000  0.0000000000000000
 0.3125000000000000  0.0000000000000000
 0.4375000000000000  0.0000000000000000
 0.5625000000000000  0.0000000000000000
 0.6875000000000000  0.0000000000000000
 0.8125000000000000  0.0000000000000000
 0.9375000000000000  0.0000000000000000
 0.0000000000000000  0.0000000000000000
 0.0000000000000000 -1.0000000000000000
 0.0000000000000000  1.0000000000000000
 0.0000000000000000 -0.5000000000000000
 0.0000000000000000  0.5000000000000000
 0.0000000000000000 -0.7500000000000000
 0.0000000000000000 -0.2500000000000000
 0.0000000000000000  0.2500000000000000
 0.0000000000000000  0.7500000000000000
 0.0000000000000000 -0.8750000000000000
 0.0000000000000000 -0.6250000000000000
 0.0000000000000000 -0.3750000000000000
 0.0000000000000000 -0.1250000000000000
 0.0000000000000000  0.1250000000000000
 0.0000000000000000  0.3750000000000000
 0.0000000000000000  0.6250000000000000
 0.0000000000000000  0.8750000000000000
 0.0000000000000000 -0.9375000000000000
 0.0000000000000000 -0.8125000000000000
 0.0000000000000000 -0.6875000000000000
 0.0000000000000000 -0.5625000000000000
 0.0000000000000000 -0.4375000000000000
 0.0000000000000000 -0.3125000000000000
 0.0000000000000000 -0.1875000000000000
 0.0000000000000000 -0.0625000000000000
 0.0000000000000000  0.0625000000000000
 0.0000000000000000  0.1875000000000000
 0.0000000000000000  0.3125000000000000
 0.0000000000000000  0.4375000000000000
 0.0000000000000000  0.5625000000000000
 0.0000000000000000  0.6875000000000000
 0.0000000000000000  0.8125000000000000
 0.0000000000000000  0.9375000000000000
-1.0000000000000000  0.0000000000000000
-1.0000000000000000 -1.0000000000000000
-1.0000000000000000  1.0000000000000000
-1.0000000000000000 -0.5000000000000000
-1.0000000000000000  0.5000000000000000
-1.0000000000000000 -0.7500000000000000
-1.0000000000000000 -0.2500000000000000
-1.0000000000000000  0.2500000000000000
-1.0000000000000000  0.7500000000000000
-1.0000000000000000 -0.8750000000000000
-1.0000000000000000 -0.6250000000000000
-1.0000000000000000 -0.3750000000000000
-1.0000000000000000 -0.1250000000000000
-1.0000000000000000  0.1250000000000000
-1.0000000000000000  0.3750000000000000
-1.0000000000000000  0.6250000000000000
-1.0000000000000000  0.8750000000000000
 1.0000000000000000  0.0000000000000000
 1.0000000000000000 -1.0000000000000000
 1.0000000000000000  1.0000000000000000
 1.0000000000000000 -0.5000000000000000
 1.0000000000000000  0.5000000000000000
 1.0000000000000000 -0.7500000000000000
 1.0000000000000000 -0.2500000000000000
 1.0000000000000000  0.2500000000000000
 1.0000000000000000  0.7500000000000000
 1.0000000000000000 -0.8750000000000000
 1.0000000000000000 -0.6250000000000000
 1.0000000000000000 -0.3750000000000000
 1.0000000000000000 -0.1250000000000000
 1.0000000000000000  0.1250000000000000
 1.0000000000000000  0.3750000000000000
 1.0000000000000000  0.6250000000000000
 1.0000000000000000  0.8750000000000000
-0.5000000000000000  0.0000000000000000
-0.5000000000000000 -1.0000000000000000
-0.5000000000000000  1.0000000000000000
-0.5000000000000000 -0.5000000000000000
-0.5000000000000000  0.5000000000000000
-0.5000000000000000 -0.7500000000000000
-0.5000000000000000 -0.2500000000000000
-0.5000000000000000  0.2500000000000000
-0.5000000000000000  0.7500000000000000
 0.5000000000000000  0.0000000000000000
 0.5000000000000000 -1.0000000000000000
 0.5000000000000000  1.0000000000000000
 0.5000000000000000 -0.5000000000000000
 0.5000000000000000  0.5000000000000000
 0.5000000000000000 -0.7500000000000000
 0.5000000000000000 -0.2500000000000000
 0.5000000000000000  0.2500000000000000
 0.5000000000000000  0.7500000000000000
-0.7500000000000000  0.0000000000000000
-0.7500000000000000 -1.0000000000000000
-0.7500000000000000  1.0000000000000000
-0.7500000000000000 -0.5000000000000000
-0.7500000000000000  0.5000000000000000
-0.2500000000000000  0.0000000000000000
-0.2500000000000000 -1.0000000000000000
-0.2500000000000000  1.0000000000000000
-0.2500000000000000 -0.5000000000000000
-0.2500000000000000  0.5000000000000000
 0.2500000000000000  0.0000000000000000
 0.2500000000000000 -1.0000000000000000
 0.2500000000000000  1.0000000000000000
 0.2500000000000000 -0.5000000000000000
 0.2500000000000000  0.5000000000000000
 0.7500000000000000  0.0000000000000000
 0.7500000000000000 -1.0000000000000000
 0.7500000000000000  1.0000000000000000
 0.7500000000000000 -0.5000000000000000
 0.7500000000000000  0.5000000000000000
-0.8750000000000000  0.0000000000000000
-0.8750000000000000 -1.0000000000000000
-0.8750000000000000  1.0000000000000000
-0.6250000000000000  0.0000000000000000
-0.6250000000000000 -1.0000000000000000
-0.6250000000000000  1.0000000000000000
-0.3750000000000000  0.0000000000000000
-0.3750000000000000 -1.0000000000000000
-0.3750000000000000  1.0000000000000000
-0.1250000000000000  0.0000000000000000
-0.1250000000000000 -1.0000000000000000
-0.1250000000000000  1.0000000000000000
 0.1250000000000000  0.0000000000000000
 0.1250000000000000 -1.0000000000000000
 0.1250000000000000  1.0000000000000000
 0.3750000000000000  0.0000000000000000
 0.3750000000000000 -1.0000000000000000
 0.3750000000000000  1.0000000000000000
 0.6250000000000000  0.0000000000000000
 0.6250000000000000 -1.0000000000000000
 0.6250000000000000  1.0000000000000000
 0.8750000000000000  0.0000000000000000
 0.8750000000000000 -1.0000000000000000
 0.8750000000000000  1.0000000000000000
-0.9375000000000000  0.0000000000000000
-0.8125000000000000  0.0000000000000000
-0.6875000000000000  0.0000000000000000
-0.5625000000000000  0.0000000000000000
-0.4375000000000000  0.0000000000000000
-0.3125000000000000  0.0000000000000000
-0.1875000000000000  0.0000000000000000
-0.0625000000000000  0.0000000000000000
 0.0625000000000000  0.0000000000000000
 0.1875000000000000  0.0000000000000000
 0.3125000000000000  0.0000000000000000
 0.4375000000000000  0.0000000000000000
 0.5625000000000000  0.0000000000000000
 0.6875000000000000  0.0000000000000000
 0.8125000000000000  0.0000000000000000
 0.9375000000000000  0.0000000000000000
